 9.00000000e+01 2.76000000e+02 4.23450000e+01 2.80000000e-01
 1.00000000e+02 5.45000000e+02 4.16000000e+01 1.60000000e-01
 1.49000000e+02 2.75000000e+02 3.95375000e+01 2.80000000e-01
 1.61000000e+02 6.02000000e+02 3.77875000e+01 1.60000000e-01
 2.06000000e+02 2.74000000e+02 3.73525000e+01 2.80000000e-01
 2.27000000e+02 5.38000000e+02 3.64975000e+01 1.60000000e-01
 2.47000000e+02 2.74000000e+02 3.63600000e+01 2.80000000e-01
 2.70000000e+02 5.50000000e+02 3.57850000e+01 1.60000000e-01
 3.52000000e+02 2.72000000e+02 3.39150000e+01 2.80000000e-01
 3.62000000e+02 5.22000000e+02 3.45300000e+01 1.60000000e-01
